1 89 46
1 4 21
84 24 2 27 5 32 6 24 14 27 14 27 17 122 17 125 17 124 18 127 18 25 19 114 19 126 19 30 20 116 20 122 20 112 21 115 21 124 21 22 22 69 22 108 22 111 22 114 22 117 22 123 22 77 23 101 23 104 23 107 23 116 23 119 23 103 24 109 24 4 25 84 25 93 25 102 25 111 25 86 26 95 26 101 26 107 26 82 27 91 27 94 27 25 28 75 28 84 28 87 28 96 28 102 28 77 29 83 29 92 29 64 30 70 30 76 30 88 30 91 30 25 31 66 31 69 31 84 31 53 32 71 32 77 32 80 32 55 33 64 33 67 33 73 33 54 34 60 34 50 35 26 37 27 37 57 37 26 38 32 38 35 38 23 41 24 50 79 50
4 49 13 89 38 92 38 95 46
1 104 23
2 101 44 83 48
17 83 6 86 21 89 21 87 23 2 31 12 33 26 37 32 37 52 37 124 39 101 44 89 46 96 46 92 47 79 48 83 48 74 50
3 83 44 89 46 83 48
1 35 19
2 89 21 87 23
7 1 14 19 17 32 19 42 21 67 21 56 23 17 32
15 37 4 38 12 49 13 38 18 69 22 36 26 122 29 126 31 50 33 118 33 89 38 92 38 97 42 97 44 95 46
1 35 19
7 74 30 80 42 101 44 87 46 96 46 79 48 83 48
11 1 14 3 15 9 15 19 17 127 18 25 20 114 22 104 23 103 24 84 28 76 30
39 88 9 90 10 37 11 86 11 89 11 76 12 79 12 50 13 87 13 52 14 55 14 80 14 83 14 64 15 73 15 62 16 69 16 53 17 73 17 55 18 61 18 69 18 35 20 50 20 46 21 89 22 32 23 94 23 25 24 102 24 14 26 106 26 13 27 117 27 3 28 9 28 124 29 127 29 126 30
1 35 19
36 1 14 3 15 9 15 15 15 19 17 9 18 24 18 127 18 32 19 35 19 19 20 25 20 36 21 42 21 32 22 44 22 114 22 117 22 55 23 104 23 42 24 103 24 59 25 54 27 94 27 62 28 84 28 87 28 83 29 76 30 74 31 71 32 79 32 64 33 54 34 83 48
84 86 3 88 4 89 12 1 14 3 15 9 15 15 15 86 15 11 16 1 17 13 17 19 17 9 18 24 18 92 18 8 19 20 19 32 19 35 19 19 20 25 20 24 21 36 21 42 21 86 21 29 22 32 22 35 22 44 22 55 23 81 23 87 23 42 24 92 24 38 25 41 25 59 25 120 25 84 26 87 26 51 27 54 27 57 27 60 27 124 27 50 28 59 28 62 28 102 28 120 28 70 29 90 29 101 29 69 30 91 30 94 30 44 31 65 31 74 31 83 31 105 31 70 32 73 32 79 32 80 32 84 32 87 32 104 32 72 33 81 33 90 33 80 34 87 34 101 37 110 37 113 37 116 37 93 38 115 38 52 39 118 41 121 41 85 46 83 48
4 125 17 25 19 77 23 78 25
6 88 4 47 10 61 14 116 25 17 32 83 48
12 22 11 105 11 36 15 38 16 47 16 51 18 60 18 84 24 86 25 117 30 106 31 106 34
7 74 17 62 20 58 21 48 22 89 22 49 24 12 31
3 104 23 103 24 84 28
1 51 5
5 83 6 87 23 101 44 89 46 83 48
4 105 11 36 15 47 16 60 18
16 37 4 35 6 38 12 49 13 38 18 69 22 36 26 122 29 126 31 50 33 118 33 89 38 92 38 97 42 97 44 95 46
9 64 10 65 12 65 24 120 28 44 31 66 32 104 32 97 44 89 46
1 108 26
28 99 5 97 10 1 14 3 15 9 15 19 17 9 18 24 18 8 19 19 20 25 20 36 21 42 21 29 22 32 22 44 22 42 24 41 25 59 25 54 27 59 28 62 28 74 31 79 32 81 33 90 33 101 37 118 41
12 53 4 59 4 55 5 54 6 60 6 61 8 67 8 75 9 102 15 113 16 114 18 119 19
1 25 19
35 64 10 1 14 3 15 122 17 125 17 9 18 124 18 127 18 8 19 114 19 19 20 25 20 116 20 112 21 96 22 101 23 104 23 42 24 65 24 103 24 41 25 78 25 84 25 93 25 86 26 54 27 59 28 62 28 84 28 64 30 51 31 79 32 55 33 80 34 118 41
5 105 11 61 14 125 17 78 25 116 25
27 83 6 70 7 67 13 73 16 73 19 73 25 3 27 74 30 2 31 13 32 66 32 12 33 32 37 111 37 117 37 110 38 71 39 100 39 106 39 80 42 83 44 89 46 65 47 69 47 85 47 58 48 83 48
20 124 18 127 18 116 20 112 21 114 22 117 22 104 23 103 24 93 25 86 26 94 27 84 28 87 28 83 29 76 30 69 31 71 32 55 33 64 33 54 34
80 70 7 64 10 65 12 127 18 8 19 1 20 116 20 112 21 111 22 114 22 117 22 4 23 13 23 16 23 104 23 107 23 116 23 6 24 9 24 12 24 18 24 24 24 65 24 103 24 14 25 17 25 102 25 21 27 65 27 94 27 23 28 35 28 41 28 84 28 87 28 102 28 49 29 77 29 83 29 42 30 76 30 91 30 94 30 41 31 44 31 47 31 50 31 65 31 69 31 84 31 52 32 71 32 77 32 80 32 45 33 54 33 55 33 63 33 64 33 67 33 54 34 62 34 65 34 71 34 80 34 50 35 58 35 73 35 57 37 77 37 79 38 85 38 52 39 71 39 90 39 91 41 103 41 108 42 106 44 69 47
4 87 23 66 32 80 42 83 48
1 89 46
37 70 7 8 13 15 15 36 15 112 15 38 16 19 17 25 17 122 17 125 17 24 18 32 19 35 19 102 19 42 21 60 21 55 23 61 23 72 24 73 24 76 24 63 25 66 25 75 25 78 25 82 26 54 28 80 28 74 30 93 30 45 31 51 31 104 31 44 32 109 32 12 37 71 39
2 47 10 63 12
9 61 8 81 15 92 16 98 16 97 17 105 18 107 19 118 20 120 21
1 104 23
6 83 6 86 21 87 23 101 44 89 46 83 48
5 125 17 127 18 116 20 104 23 103 24
2 36 15 86 25
4 9 24 44 31 72 33 97 44
3 103 24 76 30 71 32
84 86 3 1 14 3 15 86 15 1 17 9 18 8 19 1 20 10 20 19 20 25 20 24 21 86 21 29 22 32 22 13 23 16 23 25 23 81 23 87 23 18 24 24 24 42 24 38 25 41 25 73 25 120 25 84 26 87 26 45 27 51 27 54 27 57 27 124 27 35 28 41 28 50 28 59 28 62 28 79 28 82 28 102 28 120 28 49 29 101 29 74 30 91 30 94 30 44 31 65 31 74 31 76 31 84 31 105 31 52 32 70 32 73 32 79 32 80 32 84 32 87 32 104 32 63 33 72 33 81 33 62 34 71 34 79 34 80 34 87 34 57 37 77 37 101 37 85 38 100 38 52 39 103 41 118 41 121 41 74 42 80 42 108 42 74 48 83 48
228 91 1 86 3 88 4 86 6 88 7 86 9 89 9 9 12 86 12 89 12 8 13 1 14 10 14 3 15 9 15 15 15 86 15 11 16 17 16 73 16 1 17 13 17 19 17 22 17 25 17 125 17 9 18 12 18 24 18 39 18 92 18 124 18 127 18 8 19 20 19 32 19 35 19 38 19 73 19 126 19 10 20 19 20 25 20 30 20 37 20 40 20 46 20 49 20 116 20 122 20 24 21 36 21 42 21 60 21 86 21 112 21 115 21 29 22 32 22 35 22 44 22 47 22 56 22 111 22 114 22 117 22 123 22 25 23 43 23 55 23 61 23 81 23 87 23 101 23 104 23 107 23 116 23 119 23 39 24 42 24 48 24 54 24 63 24 72 24 92 24 103 24 109 24 124 24 38 25 41 25 59 25 73 25 93 25 102 25 108 25 111 25 114 25 117 25 120 25 126 25 49 26 61 26 70 26 76 26 81 26 82 26 84 26 86 26 87 26 95 26 101 26 107 26 116 26 45 27 51 27 54 27 57 27 60 27 82 27 94 27 103 27 124 27 50 28 56 28 59 28 62 28 71 28 79 28 80 28 82 28 84 28 87 28 96 28 102 28 120 28 70 29 77 29 83 29 84 29 85 29 88 29 90 29 92 29 101 29 69 30 70 30 74 30 76 30 88 30 90 30 91 30 93 30 94 30 44 31 65 31 66 31 68 31 69 31 71 31 74 31 76 31 83 31 84 31 104 31 105 31 70 32 71 32 73 32 77 32 79 32 80 32 83 32 84 32 87 32 100 32 109 32 55 33 64 33 67 33 72 33 73 33 81 33 87 33 90 33 102 33 54 34 60 34 79 34 80 34 82 34 83 34 86 34 87 34 95 34 101 34 107 34 50 35 115 35 57 37 101 37 110 37 113 37 116 37 119 37 125 37 26 38 32 38 35 38 93 38 100 38 103 38 115 38 121 38 124 38 52 39 117 39 23 41 115 41 118 41 121 41 124 41 74 42 80 42 85 46 88 46 91 46 74 48 83 48
9 127 18 116 20 114 22 13 23 104 23 103 24 84 28 76 30 103 41
1 89 46
2 104 23 84 28
18 105 8 105 11 4 23 6 24 9 24 14 25 17 25 23 28 42 30 41 31 47 31 54 33 62 34 58 35 77 37 79 38 101 44 106 44
2 96 28 73 33
168 56 3 88 4 51 5 54 8 59 10 64 10 48 11 51 11 54 11 65 12 115 12 118 12 1 14 10 14 51 14 3 15 9 15 15 15 112 15 11 16 17 16 99 16 105 16 117 16 1 17 13 17 19 17 95 17 98 17 101 17 122 17 125 17 9 18 12 18 24 18 97 18 109 18 112 18 124 18 127 18 8 19 20 19 32 19 35 19 49 19 84 19 87 19 102 19 105 19 114 19 1 20 10 20 19 20 25 20 54 20 80 20 104 20 116 20 24 21 36 21 42 21 29 22 32 22 35 22 44 22 87 22 96 22 16 23 25 23 55 23 57 23 68 23 92 23 24 24 42 24 65 24 73 24 76 24 85 24 38 25 41 25 59 25 63 25 66 25 75 25 78 25 81 25 84 25 47 26 50 26 59 26 68 26 86 26 43 27 45 27 51 27 54 27 55 27 57 27 58 27 60 27 67 27 70 27 41 28 42 28 50 28 54 28 57 28 59 28 60 28 62 28 66 28 41 29 47 29 49 29 53 29 56 29 70 29 34 30 64 30 69 30 42 31 45 31 48 31 51 31 65 31 68 31 74 31 83 31 17 32 26 32 29 32 44 32 53 32 70 32 73 32 79 32 22 33 34 33 40 33 43 33 63 33 81 33 87 33 90 33 9 34 27 34 39 34 71 34 80 34 2 35 12 37 18 37 101 37 110 37 113 37 116 37 11 38 14 38 26 38 100 38 115 38 4 39 103 41 115 41 118 41 121 41 124 41
22 127 18 116 20 112 21 111 22 114 22 117 22 104 23 103 24 93 25 86 26 94 27 84 28 87 28 96 28 77 29 83 29 76 30 69 31 71 32 55 33 64 33 54 34
81 64 10 65 12 8 13 1 14 10 14 3 15 9 15 15 15 112 15 11 16 105 16 13 17 19 17 25 17 122 17 125 17 9 18 24 18 97 18 112 18 32 19 35 19 87 19 102 19 19 20 25 20 24 21 36 21 42 21 29 22 32 22 44 22 47 22 87 22 96 22 55 23 68 23 42 24 65 24 73 24 76 24 41 25 59 25 63 25 66 25 75 25 78 25 81 25 47 26 54 27 58 27 60 27 67 27 70 27 54 28 59 28 62 28 41 29 53 29 56 29 34 30 45 31 48 31 51 31 74 31 26 32 44 32 73 32 79 32 22 33 40 33 81 33 90 33 12 37 101 37 110 37 113 37 116 37 11 38 115 38 118 41
3 75 7 63 10 4 21
4 105 11 2 31 95 39 89 46
2 103 24 84 28
12 47 10 63 12 61 14 70 14 73 14 67 21 56 23 49 24 116 25 15 31 17 32 2 35
16 86 15 86 21 89 21 87 23 2 31 87 32 12 33 26 37 32 37 52 37 124 39 101 44 96 46 92 47 83 48 74 50
11 83 6 86 21 87 23 9 24 23 28 19 29 58 35 83 44 101 44 89 46 83 48
130 53 4 59 4 88 4 43 5 46 5 49 5 55 5 48 6 54 6 60 6 66 6 69 6 72 6 56 7 59 7 62 7 74 7 61 8 64 8 67 8 105 8 54 9 72 9 75 9 78 9 68 10 80 10 83 10 67 11 70 11 79 11 82 11 105 11 84 12 93 12 83 13 86 13 92 13 104 13 82 14 94 14 100 14 81 15 99 15 102 15 105 15 112 15 92 16 98 16 101 16 104 16 105 16 107 16 113 16 117 16 95 17 97 17 98 17 103 17 121 17 122 17 125 17 97 18 105 18 108 18 111 18 112 18 114 18 120 18 123 18 87 19 102 19 105 19 107 19 119 19 112 20 118 20 114 21 117 21 120 21 126 21 87 22 96 22 122 22 68 23 124 23 73 24 76 24 85 24 63 25 66 25 75 25 78 25 81 25 47 26 50 26 59 26 68 26 108 26 58 27 67 27 70 27 54 28 57 28 60 28 41 29 53 29 56 29 108 29 34 30 45 31 48 31 51 31 106 31 109 31 26 32 29 32 44 32 22 33 34 33 40 33 27 34 106 34 109 34 12 37 109 37 112 37 11 38 14 38 4 39
8 15 15 19 17 24 18 32 19 35 19 36 21 42 21 55 23
1 36 15
3 67 21 56 23 49 24
1 35 19
1 62 20
12 106 12 58 21 67 21 56 23 49 24 44 26 12 31 15 31 18 31 17 32 1 33 2 35
1 112 15
7 1 14 3 15 9 15 19 17 24 18 25 20 42 21
4 70 7 44 31 66 32 97 44
5 112 15 77 23 73 24 76 24 63 25
1 78 25
73 56 3 51 5 99 5 54 8 59 10 64 10 67 10 48 11 51 11 54 11 56 12 65 12 67 13 107 13 51 14 54 17 49 19 54 20 124 21 52 22 57 23 65 24 4 25 55 25 3 27 65 27 96 28 122 29 2 31 35 31 44 31 55 31 120 31 126 31 13 32 66 32 104 32 12 33 118 33 17 34 35 34 58 34 120 34 119 35 125 35 26 37 32 37 52 37 111 37 117 37 89 38 92 38 101 38 107 38 110 38 45 39 100 39 106 39 80 42 83 44 97 44 74 46 89 46 95 46 62 47 65 47 85 47 49 48 58 48 83 48 90 48 56 50 79 50
27 89 12 1 14 3 15 9 15 86 15 19 17 9 18 24 18 19 20 25 20 36 21 42 21 86 21 32 22 87 23 42 24 41 25 54 27 59 28 62 28 120 28 90 29 74 31 79 32 87 32 104 32 72 33
4 80 42 83 44 89 46 83 48
48 70 7 64 10 65 12 4 23 3 24 6 24 9 24 65 24 14 25 17 25 120 25 21 27 23 28 102 28 120 28 19 29 101 29 36 30 42 30 91 30 94 30 41 31 44 31 47 31 84 31 105 31 52 32 66 32 80 32 104 32 45 33 48 33 54 33 56 34 62 34 43 35 49 35 58 35 57 37 77 37 79 38 52 39 66 39 79 41 91 41 97 44 106 44 69 47
141 24 2 88 4 27 5 32 6 35 6 100 12 106 12 115 12 118 12 24 14 27 14 95 14 104 14 112 15 78 16 93 16 99 16 105 16 27 17 35 17 74 17 83 17 89 17 95 17 98 17 101 17 70 18 73 18 76 18 97 18 25 19 84 19 87 19 102 19 30 20 62 20 80 20 55 21 58 21 61 21 64 21 67 21 48 22 69 22 4 23 13 23 16 23 53 23 56 23 68 23 77 23 3 24 6 24 9 24 12 24 18 24 43 24 49 24 73 24 76 24 14 25 17 25 63 25 66 25 19 26 38 26 44 26 47 26 50 26 59 26 21 27 34 27 40 27 43 27 58 27 23 28 25 28 27 28 30 28 35 28 41 28 42 28 54 28 17 29 19 29 41 29 7 30 19 30 22 30 24 30 34 30 36 30 40 30 42 30 12 31 15 31 18 31 25 31 41 31 44 31 47 31 50 31 11 32 17 32 20 32 26 32 29 32 52 32 1 33 10 33 22 33 39 33 45 33 48 33 54 33 63 33 9 34 56 34 62 34 65 34 71 34 2 35 43 35 49 35 52 35 58 35 64 35 77 37 79 38 85 38 66 39 77 39 90 39 79 41 91 41 103 41 99 42 97 44 106 44 92 46 24 50
13 1 14 3 15 74 17 24 18 70 18 25 20 62 20 42 21 58 21 48 22 49 24 12 31 1 33
2 9 24 108 26
14 82 6 75 7 78 7 63 10 34 15 36 15 39 16 19 18 12 19 11 20 4 21 60 21 82 26 109 32
13 51 5 54 8 51 11 49 19 54 20 52 22 120 28 122 29 44 31 105 31 104 32 12 33 52 37
29 22 11 50 13 52 14 48 15 51 15 47 16 50 16 125 17 60 18 124 18 127 18 116 20 78 21 112 21 89 22 114 22 101 23 104 23 103 24 98 25 106 26 84 28 118 29 124 29 64 30 76 30 117 30 71 32 55 33
13 70 7 64 10 65 12 67 13 65 24 2 31 66 32 12 33 89 38 92 38 97 44 89 46 69 47
118 91 1 86 3 88 4 91 4 99 5 83 6 88 7 94 7 78 8 83 9 89 9 97 10 83 12 86 12 89 12 97 13 81 14 83 15 86 15 92 15 94 16 97 16 84 17 89 18 92 18 86 21 89 21 81 23 87 23 92 24 84 26 87 26 3 27 92 27 2 28 23 28 82 28 19 29 84 29 90 29 24 30 95 30 98 30 2 31 14 31 20 31 7 32 13 32 19 32 66 32 84 32 87 32 12 33 30 33 39 33 72 33 74 33 17 34 23 34 43 35 49 35 58 35 90 35 93 35 26 37 32 37 47 37 52 37 117 37 120 37 123 37 90 38 93 38 116 38 119 38 122 38 125 38 45 39 57 39 66 39 77 39 106 39 124 39 79 41 90 41 104 41 107 41 119 41 80 42 103 42 83 44 92 44 95 44 97 44 101 44 69 46 74 46 80 46 85 46 87 46 88 46 89 46 91 46 92 46 93 46 96 46 80 47 85 47 92 47 93 47 79 48 82 48 83 48 88 48 90 48 56 50 59 50 74 50
25 38 7 47 10 63 12 61 14 70 14 73 14 81 15 74 17 70 18 62 20 58 21 67 21 56 23 49 24 114 24 116 25 119 25 122 25 44 26 12 31 15 31 18 31 17 32 1 33 83 48
7 50 13 61 14 62 16 73 17 89 22 104 23 103 24
18 70 7 64 10 8 19 1 20 114 22 104 23 24 24 65 24 103 24 41 28 84 28 87 28 76 30 71 32 63 33 71 34 80 34 103 41
21 105 11 50 13 52 14 55 14 48 15 47 16 50 16 62 16 73 17 60 18 69 18 78 21 89 22 98 25 108 26 102 28 118 29 124 29 109 31 80 32 109 34
85 76 6 82 6 75 7 78 7 87 7 77 8 80 8 83 8 76 9 88 9 63 10 75 10 78 10 81 10 22 11 74 11 61 12 26 13 48 13 60 13 63 13 35 14 50 14 53 14 56 14 34 15 36 15 42 15 48 15 49 15 38 16 39 16 47 16 50 16 51 16 49 17 73 17 19 18 37 18 40 18 51 18 60 18 12 19 18 19 24 19 27 19 30 19 11 20 23 20 35 20 4 21 10 21 13 21 22 21 60 21 66 21 78 21 12 22 21 22 74 22 89 22 17 23 76 23 4 24 10 24 84 24 3 25 9 25 86 25 98 25 82 26 106 26 96 27 98 28 110 28 109 29 118 29 124 29 111 30 117 30 110 31 109 32 115 32 124 32 123 33
4 49 13 122 29 44 31 104 32
1 83 44
9 15 15 112 15 32 19 35 19 42 21 73 24 76 24 63 25 78 25
9 83 6 97 10 92 27 19 29 124 39 101 44 89 46 96 46 92 47
49 43 5 48 6 54 6 38 7 59 7 61 8 64 8 51 9 54 9 61 11 70 11 63 12 70 14 73 14 82 14 81 15 112 15 92 16 98 16 101 16 105 16 97 17 103 17 96 18 97 18 105 18 108 18 111 18 114 18 87 19 102 19 107 19 118 20 114 21 120 21 68 23 124 23 73 24 76 24 63 25 66 25 78 25 47 26 54 28 41 29 34 30 45 31 26 32 22 33
18 1 14 3 15 86 15 9 18 19 20 25 20 86 21 32 22 87 23 42 24 41 25 54 27 59 28 62 28 74 31 79 32 72 33 83 48
9 112 15 122 17 125 17 102 19 73 24 76 24 63 25 75 25 78 25
13 35 6 49 13 38 18 69 22 122 29 44 31 104 32 50 33 118 33 89 38 92 38 97 44 95 46
4 88 9 76 12 51 16 35 20
1 36 26
1 102 28
22 105 8 105 11 4 23 13 23 6 24 9 24 14 25 17 25 23 28 35 28 42 30 41 31 47 31 52 32 54 33 62 34 58 35 77 37 79 38 101 44 106 44 96 46
38 24 2 27 5 24 14 27 14 112 15 105 16 95 17 97 18 25 19 87 19 102 19 69 22 87 22 68 23 77 23 73 24 76 24 63 25 66 25 75 25 78 25 47 26 50 26 58 27 67 27 54 28 19 29 41 29 34 30 45 31 17 32 26 32 44 32 22 33 43 35 12 37 77 39 79 41
1 108 26
10 8 19 1 20 19 20 41 25 74 30 44 31 65 31 72 33 80 34 118 41
22 88 4 50 13 52 14 55 14 61 14 86 15 112 15 62 16 73 17 60 18 78 21 86 21 89 22 87 23 73 24 76 24 63 25 66 25 78 25 98 25 124 29 83 48
2 89 38 95 46
1 35 19
1 83 48
5 75 7 63 10 12 19 11 20 4 21
20 114 22 117 22 104 23 103 24 102 25 94 27 84 28 87 28 96 28 102 28 83 29 76 30 91 30 71 32 77 32 64 33 67 33 54 34 26 37 79 50
1 63 12
7 82 6 75 7 63 10 34 15 12 19 11 20 4 21
4 112 15 73 24 76 24 78 25
4 127 18 116 20 104 23 84 28
20 1 14 9 15 15 15 86 15 19 17 25 17 32 19 35 19 42 21 86 21 114 22 55 23 87 23 59 25 80 28 76 30 93 30 84 31 71 32 87 32
16 1 14 3 15 9 15 15 15 19 17 24 18 32 19 35 19 19 20 25 20 36 21 42 21 44 22 55 23 59 25 62 28
1 89 46
8 64 10 65 12 67 13 65 24 104 32 89 38 97 44 89 46
2 112 15 73 24
14 106 12 74 17 70 18 62 20 58 21 67 21 56 23 49 24 44 26 12 31 15 31 17 32 1 33 2 35
17 70 7 64 10 65 12 65 24 26 37 111 37 110 38 71 39 100 39 106 39 80 42 83 44 89 46 65 47 69 47 58 48 83 48
33 51 5 112 15 122 17 125 17 124 18 127 18 8 19 102 19 114 19 1 20 19 20 116 20 92 23 104 23 24 24 73 24 76 24 41 25 75 25 78 25 93 25 86 26 41 28 50 28 49 29 64 30 51 31 65 31 63 33 71 34 80 34 103 41 118 41
4 114 22 104 23 103 24 84 28
45 83 6 70 7 83 9 83 12 73 16 73 19 81 23 4 25 73 25 79 28 74 30 2 31 76 31 19 32 66 32 12 33 79 34 26 37 32 37 52 37 120 37 123 37 125 38 71 39 74 39 106 39 124 39 104 41 74 42 80 42 83 44 101 44 87 46 89 46 96 46 69 47 80 47 85 47 92 47 74 48 79 48 83 48 56 50 74 50 79 50
45 88 4 38 7 51 9 54 9 47 10 53 10 61 11 63 12 106 12 62 13 61 14 70 14 73 14 81 15 86 15 80 16 97 17 70 18 96 18 107 19 62 20 58 21 67 21 86 21 113 22 56 23 87 23 49 24 114 24 123 24 116 25 119 25 122 25 44 26 47 26 12 31 15 31 18 31 17 32 84 32 1 33 10 33 9 34 2 35 83 48
1 125 17
1 51 5
1 83 48
2 96 28 73 33
68 86 3 88 4 9 12 89 12 8 13 26 13 15 15 30 15 36 15 86 15 38 16 25 17 39 18 51 18 92 18 127 18 32 19 35 19 38 19 116 20 42 21 60 21 66 21 86 21 56 22 114 22 117 22 55 23 61 23 87 23 104 23 72 24 103 24 86 25 102 25 70 26 76 26 82 26 87 26 94 27 80 28 84 28 87 28 102 28 83 29 88 29 90 29 76 30 91 30 93 30 111 30 69 31 84 31 104 31 110 31 71 32 77 32 80 32 84 32 87 32 100 32 109 32 64 33 67 33 117 33 54 34 125 37 93 38
4 19 20 25 20 67 21 49 24
44 97 10 1 14 3 15 9 15 15 15 86 15 11 16 13 17 19 17 9 18 24 18 32 19 35 19 19 20 25 20 24 21 36 21 42 21 86 21 29 22 32 22 44 22 87 23 42 24 41 25 59 25 54 27 60 27 59 28 62 28 120 28 70 29 44 31 74 31 105 31 73 32 79 32 104 32 72 33 81 33 90 33 101 37 93 38 118 41
151 56 3 37 4 51 5 99 5 35 6 83 6 40 7 48 8 54 8 38 9 83 9 40 10 46 10 59 10 64 10 67 10 48 11 51 11 54 11 38 12 56 12 65 12 40 13 49 13 67 13 107 13 51 14 97 14 35 15 38 15 43 16 46 16 49 16 35 17 54 17 35 18 38 18 41 18 59 18 46 19 49 19 52 19 76 19 54 20 81 20 124 21 49 22 52 22 69 22 76 22 57 23 41 24 65 24 46 25 49 25 52 25 55 25 111 25 19 26 36 26 3 27 41 27 44 27 47 27 2 28 17 28 96 28 120 28 104 29 122 29 15 30 41 30 44 30 118 30 11 31 35 31 44 31 55 31 120 31 126 31 66 32 104 32 41 33 44 33 50 33 72 33 73 33 118 33 35 34 58 34 117 34 120 34 42 35 119 35 122 35 125 35 52 37 111 37 117 37 120 37 123 37 39 38 89 38 92 38 101 38 107 38 110 38 113 38 44 39 53 39 74 39 97 39 100 39 106 39 124 39 95 41 98 41 104 41 80 42 91 42 97 42 42 44 45 44 83 44 86 44 97 44 101 44 63 46 87 46 89 46 95 46 96 46 98 46 42 47 45 47 62 47 65 47 66 47 85 47 49 48 50 48 58 48 64 48 79 48 83 48 90 48 42 50 48 50 56 50 67 50 79 50
7 47 16 122 17 125 17 86 21 87 23 78 25 98 25
86 107 3 110 3 99 5 113 6 115 7 105 8 107 9 110 9 105 11 1 14 108 14 3 15 9 15 11 16 1 17 13 17 19 17 108 17 9 18 24 18 110 18 113 18 8 19 32 19 35 19 19 20 25 20 24 21 36 21 42 21 116 21 29 22 32 22 44 22 105 23 111 23 42 24 113 24 41 25 59 25 108 26 114 26 39 27 54 27 57 27 60 27 50 28 59 28 62 28 70 29 108 29 111 29 44 31 74 31 83 31 106 31 109 31 70 32 73 32 79 32 72 33 81 33 90 33 80 34 106 34 109 34 125 35 101 37 109 37 110 37 111 37 112 37 113 37 117 37 110 38 115 38 100 39 106 39 118 41 80 42 83 44 89 46 109 46 65 47 58 48 83 48
20 88 9 84 10 90 10 76 12 79 12 48 15 47 16 50 16 51 16 53 17 55 18 60 18 35 20 78 21 21 22 89 22 9 25 98 25 3 28 117 30
4 80 42 83 44 89 46 83 48
2 111 37 83 44
26 35 6 38 18 124 21 114 22 117 22 104 23 103 24 102 25 94 27 84 28 87 28 96 28 102 28 83 29 76 30 91 30 69 31 84 31 71 32 77 32 80 32 64 33 67 33 54 34 26 37 79 50
72 97 10 22 11 9 12 8 13 26 13 10 14 9 15 15 15 30 15 36 15 38 16 19 17 25 17 24 18 39 18 51 18 92 18 32 19 35 19 38 19 53 19 42 21 60 21 66 21 86 21 44 22 56 22 114 22 117 22 55 23 61 23 76 23 87 23 72 24 92 24 59 25 86 25 120 25 70 26 76 26 79 26 82 26 94 27 96 27 80 28 84 28 87 28 102 28 88 29 90 29 101 29 76 30 91 30 93 30 94 30 111 30 84 31 104 31 110 31 71 32 77 32 80 32 100 32 109 32 64 33 67 33 102 33 117 33 57 37 125 37 93 38 52 39
2 65 24 44 31
36 56 3 51 5 54 8 46 10 59 10 48 11 51 11 54 11 51 14 49 19 54 20 124 21 52 22 4 25 49 25 124 27 120 28 122 29 2 31 44 31 105 31 120 31 13 32 104 32 12 33 72 33 17 34 87 34 26 37 32 37 52 37 89 38 45 39 97 44 89 46 79 50
1 101 44
95 24 2 29 3 35 3 37 4 21 5 27 5 99 5 32 6 35 6 13 7 32 9 38 9 16 10 67 10 38 12 22 13 40 13 49 13 67 13 24 14 27 14 97 14 35 15 38 15 27 17 35 17 11 18 35 18 38 18 25 19 30 20 35 21 22 22 52 22 69 22 77 23 124 24 22 25 111 25 113 25 117 25 120 25 126 25 19 26 36 26 107 26 116 26 124 27 127 27 25 28 96 28 102 28 120 28 101 29 104 29 122 29 23 30 91 30 94 30 100 30 118 30 25 31 35 31 44 31 84 31 105 31 120 31 126 31 15 32 66 32 77 32 80 32 83 32 104 32 23 33 50 33 72 33 73 33 118 33 87 34 57 37 39 38 89 38 92 38 52 39 77 39 97 39 12 41 15 41 97 42 97 44 95 46 66 47 23 48 24 50
1 83 48
21 83 6 86 15 86 21 87 23 6 24 9 24 23 28 19 29 66 32 84 32 87 32 58 35 111 37 100 39 106 39 80 42 83 44 89 46 65 47 58 48 83 48
1 105 11
5 66 32 80 42 83 44 89 46 83 48
2 69 22 36 26
198 56 3 51 5 54 8 92 8 95 8 98 8 24 9 88 9 94 9 100 9 103 9 20 10 26 10 47 10 59 10 64 10 75 10 78 10 81 10 84 10 90 10 99 10 102 10 105 10 22 11 25 11 34 11 37 11 51 11 74 11 77 11 86 11 89 11 92 11 95 11 30 12 61 12 65 12 76 12 79 12 85 12 88 12 91 12 26 13 41 13 50 13 60 13 63 13 72 13 75 13 87 13 49 14 50 14 52 14 53 14 55 14 56 14 59 14 61 14 62 14 65 14 80 14 83 14 36 15 42 15 48 15 49 15 51 15 57 15 61 15 64 15 66 15 73 15 38 16 47 16 50 16 51 16 53 16 54 16 59 16 60 16 62 16 66 16 69 16 49 17 53 17 58 17 59 17 64 17 65 17 73 17 74 17 37 18 40 18 49 18 51 18 54 18 55 18 60 18 61 18 63 18 66 18 69 18 72 18 75 18 49 19 60 19 62 19 65 19 68 19 71 19 80 19 35 20 50 20 53 20 54 20 62 20 67 20 79 20 85 20 88 20 22 21 25 21 37 21 40 21 46 21 49 21 66 21 78 21 87 21 21 22 30 22 48 22 74 22 89 22 98 22 17 23 23 23 29 23 32 23 57 23 76 23 88 23 94 23 100 23 103 23 4 24 10 24 25 24 65 24 84 24 102 24 3 25 9 25 12 25 18 25 86 25 89 25 92 25 98 25 104 25 107 25 110 25 116 25 5 26 14 26 26 26 97 26 106 26 118 26 4 27 10 27 13 27 16 27 96 27 105 27 108 27 111 27 117 27 123 27 3 28 9 28 15 28 18 28 110 28 119 28 109 29 118 29 124 29 127 29 7 30 111 30 117 30 120 30 126 30 116 31 124 32 123 33
2 44 31 72 33
2 47 16 60 18
23 78 7 88 9 63 10 61 12 60 13 50 14 56 14 49 15 39 16 51 16 37 18 24 19 35 19 13 21 22 21 42 21 60 21 21 22 4 24 10 24 9 25 93 30 109 32
3 1 14 3 15 25 20
5 75 7 63 10 47 16 12 19 4 21
9 67 10 52 37 74 39 80 42 101 44 96 46 92 47 83 48 79 50
20 51 5 127 18 111 22 114 22 117 22 104 23 6 24 9 24 103 24 102 25 94 27 84 28 87 28 83 29 76 30 69 31 71 32 64 33 67 33 54 34
19 70 7 64 10 65 12 65 24 74 30 66 32 26 37 111 37 110 38 71 39 100 39 106 39 80 42 83 44 89 46 65 47 69 47 58 48 83 48
34 47 10 63 12 106 12 50 13 52 14 55 14 61 14 70 14 73 14 66 15 62 16 73 17 74 17 70 18 62 20 58 21 67 21 89 22 56 23 43 24 49 24 114 24 116 25 119 25 44 26 117 27 124 29 12 31 15 31 18 31 17 32 1 33 2 35 83 48
6 69 18 78 21 89 22 104 23 103 24 84 28
1 97 44
1 87 23
7 82 6 75 7 63 10 34 15 12 19 11 20 4 21
5 55 5 60 6 75 9 113 16 114 18
1 61 8
26 88 4 38 7 47 10 63 12 50 13 55 14 61 14 70 14 73 14 66 15 81 15 112 15 62 16 73 17 102 19 73 24 76 24 114 24 63 25 66 25 75 25 78 25 116 25 119 25 58 27 54 28
11 82 6 75 7 78 7 63 10 40 12 34 15 12 19 11 20 4 21 93 30 104 31
6 51 5 51 11 49 19 102 28 12 33 52 37
5 116 26 120 28 44 31 105 31 104 32
1 42 21
8 105 11 1 14 3 15 9 15 19 17 24 18 36 21 42 21
1 101 44
24 24 2 27 5 24 14 27 14 25 19 114 22 117 22 104 23 103 24 102 25 111 25 94 27 84 28 87 28 96 28 102 28 83 29 76 30 84 31 71 32 80 32 64 33 67 33 73 33
4 87 23 101 44 89 46 83 48
15 83 6 83 9 86 15 86 21 87 23 19 32 66 32 84 32 106 39 80 42 83 44 101 44 89 46 85 47 83 48
1 83 48
3 64 10 65 24 66 32
3 64 10 65 24 44 31
69 88 4 38 7 51 9 54 9 47 10 53 10 97 10 61 11 63 12 50 13 62 13 55 14 61 14 70 14 73 14 66 15 81 15 112 15 62 16 80 16 92 16 105 16 73 17 97 17 122 17 125 17 96 18 97 18 112 18 102 19 107 19 88 20 120 21 87 22 96 22 113 22 103 23 124 23 73 24 76 24 114 24 117 24 123 24 63 25 66 25 75 25 78 25 81 25 116 25 119 25 122 25 124 26 58 27 67 27 70 27 123 27 54 28 41 29 53 29 56 29 45 31 48 31 51 31 26 32 44 32 22 33 40 33 12 37 93 38
2 125 17 19 20
27 70 7 64 10 65 12 4 23 6 24 9 24 65 24 14 25 17 25 23 28 120 28 19 29 74 30 41 31 44 31 47 31 66 32 45 33 62 34 49 35 58 35 77 37 79 38 71 39 97 44 106 44 69 47
2 64 10 44 31
1 84 28
60 97 10 89 12 8 13 1 14 10 14 3 15 9 15 15 15 86 15 11 16 13 17 19 17 25 17 9 18 24 18 92 18 32 19 35 19 19 20 25 20 36 21 42 21 86 21 32 22 44 22 47 22 55 23 87 23 42 24 92 24 41 25 59 25 70 26 54 27 60 27 124 27 59 28 62 28 80 28 102 28 120 28 70 29 90 29 93 30 44 31 74 31 83 31 105 31 79 32 87 32 100 32 104 32 72 33 90 33 102 33 110 37 113 37 116 37 93 38 115 38
3 116 26 120 28 104 32
6 36 26 96 28 91 30 71 32 80 32 73 33
1 63 10
7 67 10 52 37 74 39 101 44 96 46 92 47 83 48
3 66 32 80 42 83 48
9 86 15 86 21 87 23 9 24 44 31 84 32 72 33 97 44 83 48
5 9 18 19 20 25 20 76 24 78 25
1 83 48
6 13 4 16 10 3 11 22 13 17 27 17 30
115 91 1 88 4 91 4 99 5 83 6 94 7 78 8 105 8 83 9 97 10 105 11 83 12 89 12 97 13 81 14 102 14 83 15 86 15 94 16 97 16 100 16 103 17 89 18 92 18 86 21 89 21 4 23 13 23 87 23 3 24 6 24 9 24 12 24 92 24 14 25 17 25 97 25 100 25 3 27 21 27 92 27 95 27 14 28 17 28 23 28 19 29 90 29 24 30 36 30 42 30 95 30 98 30 14 31 20 31 35 31 41 31 44 31 47 31 106 31 13 32 19 32 52 32 66 32 87 32 39 33 45 33 48 33 54 33 56 34 62 34 106 34 43 35 49 35 52 35 58 35 47 37 77 37 123 37 79 38 93 38 125 38 57 39 66 39 124 39 79 41 82 41 91 41 96 41 104 41 107 41 119 41 81 42 83 44 95 44 96 44 97 44 101 44 106 44 80 46 87 46 89 46 91 46 92 46 93 46 95 46 96 46 80 47 85 47 92 47 79 48 82 48 83 48 88 48 74 50 96 50
23 70 7 64 10 65 12 67 13 65 24 65 27 120 28 19 29 122 29 74 30 35 31 44 31 105 31 66 32 104 32 43 35 49 35 71 39 79 41 97 44 89 46 92 46 69 47
1 47 16
3 44 31 72 33 83 48
106 91 1 88 4 97 10 9 12 89 12 8 13 1 14 10 14 3 15 9 15 15 15 30 15 36 15 86 15 11 16 17 16 38 16 13 17 19 17 22 17 25 17 24 18 39 18 92 18 32 19 35 19 38 19 19 20 25 20 37 20 40 20 49 20 36 21 42 21 60 21 86 21 44 22 47 22 56 22 55 23 61 23 87 23 54 24 63 24 72 24 92 24 59 25 117 25 120 25 61 26 70 26 76 26 82 26 87 26 107 26 54 27 124 27 62 28 80 28 102 28 120 28 85 29 88 29 90 29 101 29 90 30 91 30 93 30 94 30 96 30 44 31 83 31 84 31 104 31 105 31 110 31 71 32 77 32 80 32 83 32 87 32 100 32 104 32 109 32 64 33 67 33 72 33 90 33 102 33 117 33 87 34 107 34 115 35 121 35 57 37 110 37 113 37 116 37 125 37 93 38 115 38 121 38 124 38 52 39 91 46 83 48
23 37 4 35 6 38 18 69 22 111 25 117 25 120 25 36 26 96 28 102 28 101 29 104 29 91 30 94 30 84 31 71 32 77 32 80 32 83 32 73 33 57 37 52 39 79 50
10 82 6 75 7 63 10 34 15 36 15 38 16 12 19 11 20 4 21 60 21
1 89 46
3 49 13 89 38 95 46
1 19 20
1 51 5
5 125 17 127 18 116 20 104 23 86 26
14 24 2 27 5 24 14 25 19 114 22 111 25 25 28 96 28 102 28 91 30 84 31 71 32 80 32 73 33
11 64 10 127 18 19 20 116 20 114 22 104 23 65 24 103 24 84 28 76 30 71 32
2 47 16 60 18
1 101 44
22 88 4 38 7 47 10 63 12 50 13 52 14 55 14 61 14 70 14 66 15 112 15 62 16 73 17 125 17 102 19 89 22 73 24 76 24 75 25 78 25 116 25 51 31
27 1 14 3 15 9 15 15 15 112 15 19 17 89 17 24 18 32 19 35 19 19 20 25 20 36 21 42 21 67 21 44 22 55 23 56 23 49 24 59 25 44 26 47 26 50 26 15 31 18 31 17 32 2 35
6 74 30 66 32 80 42 83 44 89 46 83 48
3 35 19 42 21 87 23
139 40 1 24 2 29 3 35 3 37 4 21 5 27 5 51 5 99 5 32 6 35 6 13 7 40 7 48 8 32 9 38 9 40 10 42 10 43 10 46 10 67 10 48 11 38 12 22 13 40 13 49 13 67 13 24 14 27 14 97 14 35 15 38 15 41 15 43 16 46 16 27 17 35 17 11 18 35 18 38 18 41 18 59 18 22 19 25 19 46 19 49 19 76 19 30 20 81 20 35 21 22 22 52 22 69 22 77 23 41 24 124 24 22 25 111 25 113 25 114 25 117 25 120 25 126 25 19 26 36 26 107 26 116 26 3 27 41 27 124 27 127 27 2 28 25 28 96 28 102 28 114 28 120 28 101 29 104 29 122 29 23 30 41 30 44 30 91 30 94 30 100 30 118 30 17 31 25 31 35 31 44 31 84 31 105 31 120 31 126 31 15 32 66 32 77 32 80 32 83 32 104 32 23 33 41 33 44 33 50 33 72 33 73 33 118 33 35 34 87 34 42 35 57 37 111 37 39 38 89 38 92 38 101 38 44 39 52 39 74 39 77 39 97 39 100 39 12 41 15 41 97 42 21 44 42 44 97 44 95 46 42 47 66 47 23 48 49 48 58 48 24 50 42 50 67 50 79 50
9 111 25 96 28 102 28 91 30 84 31 71 32 80 32 73 33 57 37
4 13 23 111 37 83 44 83 48
7 82 6 75 7 78 7 63 10 34 15 11 20 4 21
14 79 28 66 32 79 34 52 37 74 39 124 39 80 42 101 44 96 46 92 47 79 48 83 48 74 50 79 50
5 87 23 66 32 80 42 89 46 83 48
16 90 10 86 11 76 12 79 12 80 14 73 15 69 16 53 17 55 18 61 18 19 20 25 20 50 20 46 21 32 23 3 28
225 56 3 51 5 82 6 75 7 78 7 87 7 54 8 80 8 83 8 92 8 95 8 98 8 24 9 76 9 79 9 88 9 94 9 100 9 103 9 20 10 26 10 38 10 47 10 59 10 63 10 64 10 72 10 75 10 78 10 81 10 84 10 90 10 99 10 102 10 22 11 25 11 34 11 37 11 48 11 51 11 74 11 77 11 86 11 89 11 92 11 95 11 30 12 61 12 65 12 76 12 79 12 85 12 88 12 91 12 26 13 41 13 50 13 60 13 63 13 72 13 75 13 87 13 49 14 50 14 52 14 53 14 55 14 56 14 59 14 61 14 62 14 65 14 80 14 83 14 36 15 42 15 48 15 49 15 51 15 57 15 58 15 61 15 64 15 66 15 73 15 38 16 39 16 47 16 50 16 51 16 53 16 54 16 59 16 60 16 62 16 66 16 69 16 49 17 53 17 58 17 59 17 64 17 65 17 73 17 37 18 40 18 49 18 51 18 54 18 55 18 60 18 61 18 63 18 66 18 69 18 72 18 75 18 24 19 27 19 30 19 49 19 60 19 62 19 65 19 68 19 71 19 80 19 23 20 35 20 50 20 53 20 54 20 67 20 79 20 85 20 88 20 13 21 22 21 25 21 37 21 40 21 46 21 49 21 66 21 78 21 87 21 93 21 12 22 21 22 30 22 74 22 89 22 98 22 17 23 23 23 29 23 32 23 57 23 76 23 88 23 94 23 97 23 100 23 103 23 4 24 10 24 25 24 65 24 84 24 102 24 114 24 3 25 9 25 12 25 18 25 49 25 86 25 89 25 92 25 98 25 104 25 107 25 110 25 116 25 119 25 5 26 14 26 26 26 97 26 106 26 118 26 124 26 1 27 4 27 10 27 13 27 16 27 96 27 105 27 108 27 111 27 117 27 123 27 3 28 9 28 15 28 18 28 101 28 110 28 119 28 2 29 109 29 118 29 124 29 127 29 7 30 111 30 114 30 117 30 120 30 126 30 116 31 124 32 123 33 126 33
4 66 32 80 42 89 46 83 48
9 4 23 6 24 9 24 17 25 108 26 23 28 109 34 58 35 106 44
14 64 10 65 12 65 24 102 28 120 28 19 29 44 31 105 31 66 32 104 32 43 35 79 41 97 44 89 46
2 64 10 65 24
10 1 14 9 15 15 15 19 17 24 18 32 19 35 19 42 21 55 23 59 25
2 66 32 97 44
48 8 13 1 14 10 14 9 15 15 15 19 17 25 17 122 17 125 17 24 18 124 18 127 18 32 19 35 19 38 19 114 19 116 20 36 21 42 21 60 21 44 22 56 22 96 22 55 23 61 23 101 23 104 23 103 24 59 25 75 25 78 25 81 25 84 25 93 25 70 26 82 26 86 26 80 28 84 28 64 30 74 30 93 30 51 31 104 31 109 32 55 33 26 38 83 48
21 51 5 99 5 54 8 67 10 54 20 66 32 120 34 125 35 52 37 111 37 117 37 101 38 110 38 100 39 106 39 83 44 95 46 62 47 65 47 58 48 83 48
8 38 7 47 10 63 12 73 14 81 15 107 19 76 24 78 25
1 105 11
31 51 5 99 5 54 8 46 10 59 10 48 11 51 11 51 14 49 19 54 20 124 21 52 22 4 25 49 25 124 27 120 28 122 29 41 30 2 31 44 31 105 31 120 31 104 32 12 33 26 37 32 37 52 37 89 38 92 38 97 44 79 50
44 64 10 22 11 65 12 100 12 106 12 36 15 48 15 38 16 47 16 50 16 74 17 51 18 60 18 70 18 73 18 62 20 55 21 58 21 60 21 66 21 67 21 78 21 48 22 89 22 56 23 76 23 43 24 49 24 65 24 84 24 86 25 98 25 38 26 44 26 110 28 7 30 111 30 117 30 12 31 15 31 18 31 17 32 1 33 2 35
1 47 16
18 88 9 22 11 76 12 79 12 48 15 47 16 50 16 51 16 53 17 37 18 60 18 35 20 78 21 21 22 9 25 98 25 110 28 117 30
44 83 6 105 8 97 10 105 11 102 14 100 16 105 20 4 23 13 23 3 24 6 24 9 24 12 24 14 25 17 25 21 27 23 28 35 28 19 29 36 30 42 30 41 31 44 31 47 31 52 32 48 33 54 33 56 34 62 34 49 35 58 35 77 37 79 38 66 39 124 39 79 41 91 41 101 44 106 44 89 46 96 46 92 47 79 48 74 50
16 1 14 108 14 3 15 9 15 19 20 25 20 36 21 108 26 62 28 108 29 109 31 109 34 109 37 112 37 83 44 83 48
1 35 19
7 105 8 105 11 8 19 80 34 106 39 83 44 83 48
48 105 8 22 11 105 11 26 13 30 15 36 15 42 15 48 15 51 15 38 16 47 16 50 16 49 17 51 18 60 18 60 21 66 21 78 21 74 22 76 23 105 23 72 24 84 24 86 25 98 25 82 26 96 27 102 28 110 28 101 29 109 29 118 29 91 30 94 30 111 30 117 30 84 31 104 31 106 31 110 31 71 32 80 32 109 32 115 32 123 33 106 34 57 37 52 39
3 36 15 86 25 111 30
5 127 18 19 20 25 20 104 23 84 28
65 107 3 110 3 99 5 113 6 105 8 107 9 110 9 105 11 1 14 108 14 3 15 9 15 11 16 19 17 108 17 9 18 24 18 110 18 113 18 8 19 19 20 25 20 24 21 36 21 42 21 29 22 32 22 44 22 111 23 42 24 113 24 41 25 59 25 108 26 114 26 54 27 50 28 59 28 62 28 108 29 111 29 44 31 74 31 106 31 109 31 73 32 79 32 81 33 90 33 80 34 106 34 109 34 101 37 109 37 111 37 112 37 115 38 100 39 106 39 118 41 83 44 89 46 65 47 58 48 83 48
3 116 26 44 31 15 32
28 1 14 3 15 9 15 15 15 86 15 19 17 9 18 24 18 32 19 35 19 19 20 25 20 36 21 42 21 86 21 44 22 55 23 87 23 42 24 59 25 54 27 59 28 62 28 74 31 79 32 87 32 72 33 90 33
1 9 24
2 65 24 83 48
1 83 44
1 89 46
23 1 14 9 15 15 15 86 15 19 17 127 18 32 19 35 19 42 21 86 21 44 22 114 22 55 23 87 23 104 23 103 24 94 27 84 28 87 28 76 30 93 30 71 32 83 48
6 47 10 50 13 61 14 122 17 125 17 78 25
52 56 3 51 5 99 5 54 8 59 10 64 10 48 11 51 11 54 11 56 12 65 12 67 13 51 14 54 17 59 18 49 19 54 20 124 21 52 22 57 23 65 24 4 25 49 25 52 25 55 25 124 27 120 28 122 29 2 31 35 31 44 31 105 31 120 31 126 31 13 32 66 32 104 32 12 33 72 33 118 33 17 34 87 34 26 37 32 37 52 37 89 38 92 38 45 39 97 44 74 46 89 46 79 50
10 49 13 69 22 122 29 44 31 104 32 50 33 118 33 89 38 92 38 97 44
24 99 5 105 8 105 11 8 19 1 20 19 20 13 23 41 25 47 31 65 31 62 34 80 34 77 37 111 37 117 37 110 38 100 39 106 39 83 44 89 46 65 47 58 48 83 48 56 50
24 24 2 27 5 25 19 69 22 114 22 117 22 103 24 111 25 94 27 84 28 87 28 96 28 102 28 83 29 76 30 91 30 84 31 71 32 77 32 80 32 64 33 67 33 73 33 57 37
21 70 7 64 10 65 12 67 13 65 24 65 27 2 31 66 32 12 33 118 33 26 37 32 37 111 37 89 38 92 38 71 39 83 44 89 46 69 47 85 47 58 48
32 91 4 83 6 83 9 97 10 81 14 89 18 92 18 89 21 87 23 92 24 92 27 19 29 90 29 95 30 98 30 2 31 20 31 13 32 66 32 12 33 43 35 32 37 47 37 93 38 45 39 101 44 80 46 89 46 92 46 96 46 85 47 92 47
49 88 4 46 10 112 15 105 16 122 17 125 17 97 18 112 18 102 19 1 20 87 22 4 23 13 23 16 23 6 24 9 24 73 24 76 24 14 25 17 25 63 25 66 25 75 25 78 25 58 27 67 27 23 28 35 28 41 28 54 28 41 29 42 30 45 31 47 31 50 31 51 31 26 32 52 32 22 33 54 33 63 33 62 34 71 34 12 37 77 37 79 38 85 38 103 41 106 44
21 83 6 105 8 105 11 108 14 89 21 108 26 92 27 108 29 2 31 106 31 109 31 13 32 66 32 12 33 106 34 109 34 43 35 95 39 89 46 92 46 85 47
10 64 10 65 24 111 37 100 39 106 39 83 44 89 46 65 47 58 48 83 48
3 25 19 96 28 73 33
6 127 18 19 20 25 20 104 23 103 24 84 28
1 19 20
32 88 4 83 6 83 9 89 12 86 15 89 18 92 18 86 21 89 21 87 23 92 24 4 25 87 26 92 27 90 29 2 31 13 32 87 32 12 33 17 34 26 37 32 37 52 37 93 38 45 39 95 39 80 46 89 46 96 46 92 47 83 48 79 50
2 72 33 83 48
191 40 1 24 2 48 2 29 3 35 3 37 4 40 4 21 5 27 5 51 5 99 5 29 6 32 6 35 6 40 7 48 8 54 8 32 9 38 9 40 10 42 10 43 10 46 10 59 10 67 10 48 11 51 11 38 12 22 13 40 13 43 13 49 13 67 13 24 14 27 14 51 14 97 14 35 15 38 15 41 15 43 16 46 16 49 16 27 17 35 17 35 18 38 18 41 18 59 18 25 19 43 19 46 19 49 19 76 19 30 20 60 20 81 20 83 20 35 21 124 21 22 22 49 22 52 22 69 22 114 22 117 22 123 22 60 23 77 23 104 23 116 23 119 23 38 24 41 24 44 24 103 24 109 24 124 24 4 25 22 25 46 25 49 25 102 25 108 25 111 25 113 25 114 25 117 25 120 25 126 25 19 26 36 26 101 26 107 26 110 26 116 26 3 27 38 27 41 27 44 27 47 27 91 27 94 27 103 27 124 27 127 27 25 28 84 28 87 28 96 28 102 28 114 28 120 28 126 28 83 29 92 29 101 29 104 29 122 29 23 30 41 30 44 30 76 30 88 30 91 30 94 30 100 30 118 30 2 31 17 31 25 31 35 31 44 31 84 31 105 31 120 31 126 31 66 32 71 32 77 32 80 32 83 32 104 32 12 33 41 33 44 33 45 33 50 33 64 33 67 33 72 33 73 33 118 33 35 34 60 34 87 34 42 35 50 35 26 37 32 37 52 37 57 37 111 37 39 38 42 38 89 38 92 38 44 39 52 39 74 39 77 39 97 39 23 41 45 41 97 42 21 44 42 44 45 44 97 44 89 46 95 46 42 47 45 47 66 47 5 48 24 50 42 50 45 50 48 50 67 50 79 50
8 1 20 13 23 35 28 44 31 63 33 72 33 79 38 83 48
1 61 14
5 36 15 47 16 104 23 103 24 84 28
25 37 4 32 6 35 6 38 12 49 13 35 18 38 18 69 22 36 26 124 27 120 28 122 29 118 30 35 31 44 31 105 31 104 32 50 33 72 33 118 33 89 38 92 38 97 42 97 44 95 46
1 114 18
43 88 4 38 7 47 10 63 12 50 13 52 14 55 14 61 14 70 14 73 14 66 15 81 15 86 15 112 15 62 16 80 16 105 16 73 17 97 18 102 19 86 21 89 22 87 23 103 23 73 24 76 24 114 24 63 25 66 25 75 25 78 25 116 25 119 25 58 27 117 27 54 28 41 29 124 29 45 31 26 32 87 32 22 33 12 37
4 25 19 96 28 80 32 73 33
1 35 19
25 51 5 46 10 49 19 124 21 114 22 117 22 104 23 103 24 102 25 94 27 84 28 87 28 102 28 83 29 76 30 91 30 2 31 84 31 71 32 77 32 80 32 12 33 64 33 67 33 89 46
19 91 4 83 6 97 10 89 18 92 18 89 21 87 23 92 24 92 27 90 29 2 31 13 32 12 33 32 37 47 37 93 38 45 39 89 46 92 46
2 67 10 83 48
2 44 31 72 33
1 125 17
1 102 28
7 74 30 66 32 111 37 80 42 83 44 89 46 83 48
33 83 6 83 9 86 15 86 21 87 23 6 24 9 24 3 27 23 28 19 29 41 31 66 32 84 32 87 32 43 35 49 35 58 35 125 35 111 37 117 37 110 38 66 39 100 39 106 39 79 41 80 42 83 44 101 44 89 46 65 47 85 47 58 48 83 48
10 64 10 65 12 65 24 23 28 120 28 19 29 44 31 66 32 79 41 97 44
20 43 5 38 7 61 8 63 12 73 14 81 15 112 15 92 16 98 16 97 17 96 18 105 18 107 19 118 20 120 21 124 23 73 24 63 25 26 32 22 33
6 105 8 105 11 19 20 25 20 41 25 83 44
2 111 37 83 44
22 105 11 1 20 4 23 13 23 6 24 9 24 14 25 17 25 35 28 42 30 47 31 54 33 62 34 77 37 79 38 85 38 106 39 83 44 101 44 106 44 89 46 83 48
4 46 10 89 38 92 38 95 46
3 9 24 108 26 109 34
1 58 21
2 36 15 38 16
64 88 4 43 5 38 7 51 9 54 9 47 10 53 10 61 11 70 11 63 12 115 12 61 14 70 14 73 14 82 14 66 15 81 15 86 15 112 15 80 16 92 16 105 16 89 17 97 17 96 18 97 18 105 18 84 19 87 19 107 19 67 21 86 21 114 21 120 21 113 22 56 23 68 23 87 23 124 23 49 24 73 24 114 24 117 24 123 24 63 25 66 25 116 25 119 25 122 25 44 26 47 26 50 26 43 27 41 29 34 30 15 31 18 31 17 32 26 32 87 32 10 33 22 33 9 34 2 35
2 19 20 25 20
41 18 2 13 4 21 5 27 5 16 10 19 10 22 13 49 13 27 14 27 17 25 19 30 20 69 22 77 23 111 25 117 25 120 25 126 25 116 26 17 27 124 27 96 28 102 28 120 28 101 29 104 29 17 30 91 30 94 30 44 31 84 31 105 31 15 32 71 32 80 32 83 32 104 32 73 33 87 34 57 37 52 39
5 127 18 19 20 25 20 104 23 84 28
2 120 28 104 32
31 51 5 51 11 125 17 124 18 127 18 49 19 116 20 112 21 111 22 114 22 117 22 104 23 6 24 9 24 103 24 93 25 86 26 94 27 23 28 84 28 87 28 19 29 83 29 76 30 69 31 71 32 55 33 64 33 54 34 58 35 79 41
5 15 15 32 19 35 19 42 21 55 23
35 37 4 99 5 32 6 35 6 38 12 49 13 35 18 38 18 69 22 36 26 116 26 120 28 122 29 118 30 35 31 44 31 105 31 120 31 126 31 15 32 66 32 104 32 50 33 72 33 118 33 111 37 89 38 92 38 101 38 100 39 15 41 97 42 97 44 95 46 58 48
2 60 13 37 18
81 18 2 24 2 10 4 13 4 21 5 11 6 16 10 19 10 3 11 100 12 106 12 115 12 118 12 22 13 24 14 112 15 105 16 74 17 89 17 95 17 70 18 73 18 85 18 97 18 25 19 84 19 87 19 102 19 62 20 80 20 58 21 67 21 22 22 48 22 69 22 56 23 68 23 77 23 9 24 11 24 14 24 49 24 73 24 76 24 4 25 63 25 66 25 78 25 12 26 38 26 44 26 47 26 50 26 17 27 43 27 58 27 4 28 30 28 54 28 19 29 41 29 17 30 34 30 12 31 15 31 18 31 17 32 26 32 1 33 10 33 12 33 20 33 22 33 9 34 2 35 77 39 79 41 21 44 13 46 89 46 18 47
13 83 6 97 10 9 24 23 28 19 29 49 35 58 35 79 41 101 44 89 46 96 46 92 47 83 48
1 83 48
7 105 11 1 14 19 20 25 20 41 25 83 44 83 48
2 95 39 89 46
3 66 32 52 37 83 48
12 1 14 3 15 9 15 112 15 19 17 24 18 25 20 36 21 42 21 44 22 73 24 76 24
2 61 8 114 18
2 102 28 73 33
1 114 18
1 71 32
1 83 48
9 70 7 67 13 73 25 74 30 66 32 80 42 97 44 89 46 83 48
14 1 14 9 15 15 15 19 17 24 18 32 19 35 19 36 21 42 21 44 22 55 23 87 23 59 25 102 28
3 82 6 75 7 63 10
8 74 17 70 18 62 20 58 21 56 23 49 24 12 31 1 33
1 105 11
2 64 10 65 24
2 112 15 35 19
76 105 8 22 11 105 11 23 13 26 13 102 14 108 14 30 15 36 15 42 15 48 15 51 15 38 16 47 16 50 16 49 17 105 17 51 18 60 18 35 19 53 19 105 20 60 21 66 21 78 21 56 22 74 22 55 23 61 23 76 23 105 23 72 24 84 24 86 25 98 25 120 25 76 26 82 26 108 26 96 27 124 27 95 28 98 28 102 28 103 28 110 28 120 28 101 29 108 29 109 29 118 29 91 30 93 30 111 30 117 30 44 31 104 31 105 31 106 31 109 31 110 31 80 32 104 32 109 32 115 32 117 33 123 33 87 34 106 34 109 34 57 37 103 37 109 37 52 39 104 39 104 48
25 99 5 83 6 67 10 89 18 89 21 87 23 4 25 92 27 79 28 2 31 66 32 79 34 26 37 52 37 74 39 124 39 80 42 101 44 89 46 96 46 92 47 79 48 83 48 74 50 79 50
4 83 6 101 44 89 46 83 48
1 12 19
9 19 20 86 21 87 23 120 28 44 31 104 32 72 33 80 34 83 48
26 51 5 99 5 54 8 46 10 67 10 48 11 51 11 49 19 54 20 49 25 120 31 126 31 66 32 118 33 120 34 52 37 111 37 89 38 92 38 101 38 100 39 83 44 95 46 65 47 58 48 79 50
1 105 11
1 60 13
67 89 12 8 13 1 14 10 14 9 15 15 15 30 15 36 15 86 15 38 16 19 17 25 17 24 18 127 18 32 19 35 19 38 19 36 21 42 21 60 21 86 21 112 21 44 22 56 22 111 22 114 22 117 22 55 23 61 23 87 23 104 23 72 24 103 24 59 25 102 25 70 26 76 26 82 26 94 27 80 28 84 28 87 28 102 28 83 29 88 29 76 30 91 30 93 30 69 31 84 31 104 31 110 31 71 32 77 32 80 32 84 32 87 32 100 32 109 32 55 33 64 33 67 33 102 33 117 33 54 34 125 37 83 48
91 35 6 76 6 82 6 75 7 78 7 87 7 77 8 80 8 83 8 67 9 76 9 60 10 63 10 72 10 75 10 78 10 22 11 74 11 9 12 52 12 58 12 61 12 23 13 26 13 48 13 60 13 35 14 50 14 53 14 56 14 30 15 34 15 36 15 42 15 49 15 38 16 39 16 47 16 51 16 49 17 19 18 37 18 38 18 39 18 51 18 12 19 18 19 24 19 27 19 30 19 35 19 53 19 5 20 11 20 23 20 4 21 10 21 13 21 22 21 60 21 66 21 12 22 56 22 69 22 74 22 61 23 76 23 4 24 72 24 84 24 86 25 36 26 76 26 79 26 82 26 96 27 80 28 95 28 98 28 93 30 96 30 108 30 111 30 104 31 110 31 109 32 115 32 117 33 120 33 123 33 121 35
1 87 23
11 1 14 3 15 9 15 19 17 122 17 125 17 24 18 25 20 36 21 42 21 78 25
10 99 5 67 10 111 37 110 38 100 39 106 39 83 44 65 47 58 48 83 48
13 15 15 125 17 124 18 127 18 32 19 35 19 116 20 42 21 104 23 103 24 93 25 84 28 83 48
11 51 5 99 5 46 10 126 31 111 37 89 38 92 38 100 39 83 44 95 46 58 48
5 13 4 16 10 3 11 22 13 17 27
1 63 10
2 89 46 83 48
36 105 8 22 11 105 11 26 13 36 15 42 15 48 15 51 15 38 16 47 16 50 16 51 18 60 18 60 21 66 21 78 21 74 22 89 22 76 23 84 24 86 25 98 25 108 26 96 27 102 28 110 28 108 29 118 29 111 30 117 30 106 31 109 31 109 32 106 34 109 34 109 37
9 51 5 51 11 54 20 102 28 120 28 104 32 12 33 52 37 89 46
7 105 11 1 14 9 15 19 17 35 19 36 21 42 21
2 66 32 52 37
12 1 14 3 15 9 15 19 17 24 18 32 19 25 20 36 21 42 21 86 21 87 23 83 48
3 44 31 72 33 97 44
1 78 25
1 51 16
3 101 44 96 46 83 48
11 51 5 99 5 46 10 67 10 49 19 126 31 66 32 118 33 89 38 92 38 95 46
17 125 17 124 18 127 18 114 19 116 20 112 21 101 23 104 23 103 24 93 25 86 26 84 28 64 30 53 32 55 33 54 34 26 38
2 19 17 42 21
10 89 18 86 21 89 21 87 23 2 31 87 32 26 37 52 37 96 46 92 47
192 24 2 29 3 35 3 37 4 21 5 27 5 99 5 32 6 35 6 83 6 40 7 32 9 38 9 40 10 46 10 38 12 22 13 24 14 27 14 35 15 38 15 27 17 35 17 122 17 125 17 35 18 38 18 112 18 124 18 127 18 22 19 25 19 102 19 114 19 117 19 126 19 30 20 83 20 104 20 113 20 116 20 122 20 35 21 106 21 112 21 115 21 124 21 22 22 69 22 96 22 102 22 108 22 111 22 114 22 117 22 123 22 77 23 92 23 95 23 101 23 104 23 107 23 116 23 119 23 41 24 76 24 85 24 97 24 103 24 109 24 124 24 4 25 22 25 75 25 78 25 81 25 84 25 93 25 102 25 108 25 111 25 114 25 117 25 120 25 19 26 36 26 86 26 95 26 101 26 107 26 41 27 67 27 70 27 82 27 91 27 94 27 103 27 25 28 60 28 66 28 69 28 75 28 84 28 87 28 96 28 102 28 56 29 77 29 83 29 92 29 101 29 23 30 41 30 61 30 64 30 70 30 73 30 76 30 88 30 91 30 94 30 2 31 20 31 25 31 45 31 48 31 51 31 54 31 60 31 66 31 69 31 84 31 120 31 7 32 13 32 44 32 50 32 53 32 66 32 71 32 77 32 80 32 83 32 12 33 23 33 40 33 41 33 43 33 55 33 64 33 67 33 73 33 17 34 23 34 39 34 54 34 60 34 32 35 42 35 43 35 50 35 18 37 26 37 27 37 32 37 52 37 57 37 11 38 14 38 26 38 32 38 35 38 39 38 45 39 52 39 77 39 5 41 8 41 23 41 10 42 21 44 42 44 74 46 89 46 92 46 95 46 82 47 85 47 90 48 24 50 42 50 79 50
5 88 9 76 12 79 12 51 16 35 20
1 125 17
33 1 20 4 23 13 23 16 23 6 24 9 24 14 25 17 25 73 25 35 28 41 28 79 28 120 28 42 30 74 30 44 31 47 31 50 31 52 32 104 32 54 33 63 33 72 33 62 34 71 34 77 37 79 38 85 38 71 39 103 41 97 44 106 44 83 48
22 53 4 59 4 55 5 54 6 60 6 59 7 61 8 64 8 67 8 75 9 78 9 80 10 93 12 99 15 102 15 112 15 98 16 101 16 113 16 114 18 119 19 78 25
1 125 17
10 38 7 47 10 63 12 70 14 73 14 122 17 125 17 78 25 119 25 51 31
3 122 17 125 17 64 30
2 62 20 58 21
1 51 16
64 99 5 83 6 83 9 97 10 92 18 1 20 4 23 13 23 16 23 87 23 3 24 6 24 9 24 12 24 18 24 92 24 14 25 17 25 21 27 23 28 35 28 41 28 36 30 42 30 41 31 44 31 47 31 50 31 52 32 66 32 48 33 54 33 63 33 56 34 62 34 65 34 71 34 58 35 125 35 77 37 111 37 117 37 120 37 123 37 79 38 85 38 93 38 110 38 100 39 106 39 124 39 91 41 103 41 104 41 80 42 83 44 101 44 106 44 89 46 65 47 58 48 79 48 83 48 56 50
6 89 18 86 21 89 21 87 23 2 31 87 32
1 105 11
4 54 6 75 9 102 15 114 18
20 1 14 3 15 9 15 19 17 122 17 125 17 24 18 19 20 25 20 116 20 36 21 42 21 44 22 104 23 65 24 59 25 78 25 62 28 64 30 51 31
14 97 10 92 18 89 21 87 23 92 24 92 27 2 31 13 32 12 33 26 37 32 37 93 38 95 39 89 46
14 22 13 49 13 69 22 116 26 124 27 120 28 122 29 44 31 105 31 15 32 104 32 50 33 15 41 97 44
2 62 20 49 24
2 82 6 63 10
7 61 8 98 16 97 17 107 19 118 20 120 21 78 25
8 99 5 64 10 65 24 52 37 111 37 89 38 83 44 58 48
11 47 10 63 12 50 13 61 14 73 14 122 17 125 17 78 25 116 25 64 30 51 31
11 88 9 22 11 47 16 50 16 51 16 60 18 35 20 21 22 84 24 9 25 117 30
6 89 21 66 32 52 37 74 39 83 48 79 50
63 24 2 37 4 27 5 99 5 32 6 35 6 67 10 22 13 24 14 27 14 35 18 38 18 25 19 30 20 69 22 114 22 117 22 77 23 104 23 116 23 103 24 124 24 102 25 111 25 114 25 117 25 120 25 126 25 36 26 101 26 107 26 116 26 94 27 103 27 25 28 84 28 87 28 96 28 102 28 120 28 83 29 92 29 101 29 104 29 76 30 88 30 91 30 94 30 44 31 84 31 105 31 71 32 77 32 80 32 83 32 64 33 67 33 73 33 87 34 57 37 52 39 24 50 79 50
8 113 24 108 26 108 29 109 31 106 34 109 34 109 37 112 37
6 3 15 9 18 8 19 19 20 25 20 41 25
7 89 21 87 23 26 37 52 37 74 39 83 48 79 50
18 83 6 79 28 74 30 79 34 26 37 52 37 74 39 124 39 80 42 101 44 87 46 89 46 96 46 92 47 79 48 83 48 74 50 79 50
12 24 2 27 5 24 14 25 19 114 22 103 24 84 28 96 28 83 29 76 30 71 32 73 33
9 53 4 54 6 60 6 67 8 75 9 102 15 113 16 114 18 119 19
2 89 38 95 46
9 83 6 86 15 87 23 66 32 80 42 83 44 89 46 85 47 83 48
8 27 5 114 22 104 23 103 24 84 28 96 28 76 30 71 32
10 22 11 36 15 38 16 47 16 51 16 37 18 51 18 76 23 86 25 111 30
182 86 3 59 4 88 4 43 5 46 5 49 5 55 5 39 6 48 6 54 6 60 6 35 7 38 7 41 7 47 7 56 7 59 7 37 8 61 8 64 8 67 8 42 9 51 9 54 9 75 9 47 10 50 10 53 10 59 10 62 10 65 10 68 10 97 10 52 11 61 11 67 11 70 11 79 11 63 12 66 12 89 12 100 12 106 12 115 12 118 12 62 13 65 13 77 13 83 13 86 13 61 14 70 14 73 14 76 14 82 14 95 14 104 14 66 15 81 15 86 15 87 15 99 15 102 15 112 15 80 16 92 16 93 16 98 16 99 16 101 16 105 16 74 17 83 17 85 17 89 17 95 17 97 17 98 17 101 17 103 17 70 18 73 18 76 18 84 18 88 18 92 18 93 18 96 18 97 18 105 18 108 18 111 18 114 18 84 19 87 19 101 19 107 19 113 19 119 19 62 20 74 20 80 20 112 20 118 20 55 21 58 21 64 21 67 21 86 21 105 21 108 21 114 21 117 21 120 21 126 21 48 22 107 22 110 22 113 22 119 22 122 22 53 23 56 23 68 23 87 23 124 23 43 24 49 24 73 24 76 24 92 24 114 24 117 24 123 24 57 25 63 25 66 25 116 25 119 25 122 25 38 26 44 26 47 26 50 26 59 26 84 26 87 26 124 26 34 27 40 27 43 27 58 27 27 28 30 28 42 28 54 28 17 29 41 29 90 29 19 30 22 30 34 30 12 31 15 31 18 31 11 32 14 32 17 32 20 32 26 32 29 32 84 32 87 32 1 33 10 33 19 33 22 33 9 34 2 35 93 38 91 46 83 48
44 24 2 27 5 24 14 122 17 125 17 124 18 127 18 25 19 114 19 116 20 112 21 115 21 22 22 111 22 114 22 117 22 101 23 104 23 107 23 103 24 78 25 84 25 93 25 86 26 82 27 94 27 84 28 87 28 77 29 83 29 64 30 70 30 76 30 2 31 51 31 69 31 53 32 71 32 55 33 64 33 54 34 50 35 26 37 26 38
11 83 6 86 21 87 23 9 24 23 28 66 32 106 39 83 44 101 44 89 46 83 48
1 63 10
3 9 24 102 28 71 32
18 60 13 15 15 49 15 51 16 37 18 35 19 22 21 42 21 21 22 17 23 55 23 4 24 10 24 9 25 36 26 80 28 93 30 125 37
1 44 31
1 78 25
1 105 11
8 38 7 47 10 63 12 70 14 73 14 81 15 67 21 49 24
1 108 26
79 91 1 88 4 91 4 99 5 83 6 94 7 105 8 83 9 89 9 97 10 105 11 83 12 89 12 97 13 81 14 86 15 92 15 94 16 100 16 103 17 89 18 92 18 86 21 89 21 87 23 92 24 4 25 87 26 108 26 3 27 92 27 95 27 19 29 90 29 95 30 98 30 2 31 14 31 20 31 106 31 7 32 13 32 19 32 66 32 87 32 12 33 30 33 17 34 23 34 106 34 43 35 90 35 26 37 32 37 47 37 52 37 90 38 93 38 45 39 57 39 74 39 95 39 90 41 96 41 96 44 74 46 80 46 88 46 89 46 91 46 92 46 96 46 82 47 85 47 92 47 83 48 90 48 79 50 96 50
1 89 46
2 105 11 50 13
23 83 6 97 10 89 12 86 15 89 18 92 18 86 21 89 21 87 23 92 24 92 27 90 29 2 31 13 32 87 32 12 33 17 34 26 37 32 37 93 38 89 46 96 46 92 47
11 22 11 36 15 47 16 125 17 60 18 127 18 116 20 104 23 86 25 86 26 84 28
10 112 15 122 17 102 19 77 23 73 24 76 24 63 25 66 25 75 25 78 25
96 32 6 35 6 76 6 82 6 75 7 78 7 87 7 77 8 80 8 83 8 58 9 67 9 76 9 60 10 63 10 9 12 40 12 52 12 58 12 61 12 8 13 23 13 26 13 48 13 60 13 35 14 50 14 53 14 56 14 15 15 30 15 34 15 36 15 49 15 38 16 39 16 20 17 25 17 19 18 37 18 39 18 51 18 12 19 18 19 24 19 27 19 32 19 35 19 38 19 53 19 5 20 11 20 23 20 30 20 49 20 4 21 10 21 13 21 22 21 42 21 60 21 66 21 12 22 56 22 69 22 55 23 61 23 76 23 1 24 4 24 72 24 84 24 86 25 70 26 76 26 79 26 82 26 96 27 80 28 95 28 98 28 88 29 93 30 96 30 108 30 111 30 104 31 110 31 100 32 109 32 115 32 117 33 120 33 123 33 121 35 125 37
51 83 6 70 7 83 9 64 10 67 10 83 12 73 16 73 19 81 23 65 24 71 24 4 25 73 25 79 28 74 30 2 31 76 31 19 32 66 32 79 34 26 37 52 37 120 37 123 37 125 38 71 39 74 39 106 39 124 39 104 41 119 41 74 42 80 42 103 42 83 44 92 44 95 44 101 44 87 46 89 46 96 46 69 47 80 47 85 47 92 47 74 48 79 48 83 48 56 50 74 50 79 50
52 91 1 88 4 91 4 83 6 83 9 89 9 97 10 89 12 86 15 89 18 92 18 86 21 89 21 87 23 92 24 4 25 87 26 92 27 90 29 95 30 2 31 7 32 13 32 19 32 66 32 84 32 87 32 12 33 17 34 90 35 26 37 32 37 47 37 52 37 90 38 93 38 45 39 74 39 95 39 124 39 90 41 119 41 101 44 74 46 80 46 89 46 91 46 96 46 85 47 92 47 74 50 79 50
4 1 14 19 17 125 17 42 21
134 91 1 86 3 88 4 91 4 99 5 83 6 86 6 88 7 94 7 78 8 83 9 86 9 89 9 97 10 83 12 86 12 89 12 81 14 83 15 86 15 89 15 92 15 73 16 94 16 97 16 84 17 103 17 89 18 92 18 73 19 83 20 86 21 89 21 124 21 73 22 81 23 87 23 89 24 92 24 4 25 73 25 81 26 84 26 87 26 3 27 15 27 92 27 2 28 76 28 79 28 82 28 84 29 90 29 6 30 74 30 95 30 2 31 14 31 20 31 76 31 4 32 7 32 13 32 19 32 66 32 84 32 87 32 12 33 72 33 74 33 17 34 23 34 35 34 79 34 82 34 90 35 93 35 26 37 32 37 35 37 47 37 52 37 123 37 90 38 93 38 116 38 119 38 122 38 125 38 45 39 74 39 77 39 95 39 118 39 124 39 90 41 104 41 107 41 119 41 74 42 80 42 91 42 103 42 112 42 92 44 95 44 101 44 69 46 74 46 80 46 85 46 87 46 88 46 89 46 91 46 92 46 93 46 96 46 80 47 82 47 85 47 92 47 93 47 74 48 76 48 79 48 82 48 83 48 88 48 90 48 59 50 74 50 79 50 93 50
4 125 17 104 23 103 24 84 28
1 104 23
68 99 5 102 5 83 6 113 6 105 8 97 10 102 11 105 11 81 14 102 14 108 14 100 16 102 17 89 21 4 23 111 23 3 24 6 24 9 24 113 24 14 25 17 25 100 25 108 26 21 27 92 27 23 28 103 28 19 29 108 29 24 30 36 30 42 30 98 30 20 31 41 31 44 31 47 31 106 31 109 31 13 32 52 32 66 32 39 33 48 33 54 33 56 34 62 34 106 34 109 34 43 35 49 35 58 35 47 37 77 37 109 37 112 37 79 38 66 39 101 39 79 41 97 44 106 44 89 46 92 46 96 46 85 47 92 47
15 3 27 23 28 79 28 19 29 74 30 66 32 79 34 111 37 77 39 80 42 83 44 97 44 89 46 85 47 83 48
6 64 10 67 13 65 24 66 32 97 44 89 46
15 51 5 99 5 46 10 48 11 51 11 49 19 52 22 120 28 122 29 44 31 120 31 104 32 52 37 89 38 97 44
4 118 33 89 38 92 38 95 46
21 53 4 59 4 55 5 54 6 60 6 59 7 61 8 64 8 67 8 75 9 78 9 80 10 93 12 102 15 112 15 101 16 113 16 114 18 119 19 73 24 78 25
1 105 11
18 64 10 15 15 112 15 97 18 35 19 102 19 42 21 55 23 61 23 65 24 73 24 76 24 63 25 78 25 82 26 93 30 104 31 22 33
1 89 38
2 120 28 104 32
38 56 3 70 7 64 10 65 12 67 13 107 13 57 23 65 24 3 27 65 27 124 27 102 28 120 28 19 29 122 29 24 30 2 31 20 31 35 31 44 31 105 31 13 32 66 32 104 32 12 33 39 33 72 33 87 34 43 35 49 35 89 38 45 39 66 39 79 41 97 44 89 46 92 46 69 47
9 88 4 47 10 50 13 55 14 61 14 112 15 89 22 87 23 78 25
22 70 7 1 14 3 15 9 15 19 17 122 17 125 17 24 18 124 18 127 18 19 20 25 20 116 20 36 21 42 21 104 23 103 24 78 25 62 28 84 28 64 30 79 32
253 56 3 51 5 67 7 70 7 54 8 95 8 98 8 24 9 62 9 88 9 94 9 100 9 103 9 20 10 26 10 59 10 64 10 67 10 84 10 90 10 99 10 102 10 105 10 22 11 25 11 34 11 37 11 48 11 51 11 54 11 86 11 89 11 92 11 95 11 98 11 101 11 9 12 30 12 56 12 62 12 65 12 76 12 79 12 85 12 88 12 91 12 97 12 100 12 106 12 115 12 118 12 8 13 23 13 26 13 41 13 50 13 72 13 75 13 87 13 93 13 99 13 105 13 107 13 1 14 10 14 51 14 52 14 55 14 65 14 80 14 83 14 86 14 92 14 95 14 104 14 9 15 15 15 24 15 30 15 36 15 42 15 48 15 51 15 57 15 58 15 61 15 64 15 73 15 85 15 112 15 17 16 38 16 47 16 49 16 50 16 51 16 53 16 62 16 66 16 69 16 78 16 93 16 99 16 105 16 19 17 25 17 31 17 49 17 53 17 54 17 58 17 59 17 64 17 65 17 68 17 74 17 83 17 89 17 95 17 24 18 39 18 48 18 51 18 54 18 55 18 60 18 61 18 63 18 64 18 66 18 69 18 70 18 73 18 76 18 88 18 97 18 32 19 35 19 38 19 49 19 50 19 53 19 60 19 62 19 65 19 68 19 71 19 84 19 87 19 113 19 35 20 37 20 40 20 46 20 49 20 50 20 53 20 54 20 62 20 67 20 74 20 79 20 80 20 36 21 37 21 40 21 42 21 46 21 49 21 55 21 57 21 58 21 60 21 61 21 64 21 66 21 67 21 78 21 30 22 44 22 47 22 48 22 56 22 74 22 89 22 23 23 29 23 32 23 53 23 55 23 56 23 57 23 61 23 68 23 76 23 88 23 94 23 25 24 37 24 43 24 49 24 63 24 65 24 72 24 84 24 9 25 18 25 33 25 55 25 59 25 63 25 86 25 89 25 92 25 98 25 14 26 26 26 38 26 44 26 47 26 50 26 70 26 76 26 79 26 82 26 97 26 106 26 10 27 13 27 16 27 34 27 40 27 43 27 65 27 96 27 105 27 108 27 111 27 117 27 3 28 9 28 15 28 18 28 24 28 27 28 30 28 42 28 80 28 95 28 95 28 95 28 95 28 95 28
5 61 8 98 16 101 16 114 18 118 20
1 81 15
46 51 5 102 10 88 12 91 12 100 12 106 12 87 13 80 14 83 14 36 15 73 15 38 16 69 16 74 17 55 18 61 18 70 18 35 19 60 19 50 20 53 20 62 20 46 21 49 21 55 21 58 21 60 21 48 22 32 23 61 23 49 24 72 24 86 25 26 26 82 26 13 27 15 28 18 28 7 30 93 30 12 31 15 31 104 31 110 31 109 32 1 33
38 88 4 91 4 99 5 83 6 83 9 97 10 89 12 86 15 89 18 92 18 86 21 89 21 87 23 92 24 4 25 87 26 92 27 90 29 95 30 2 31 13 32 66 32 87 32 12 33 17 34 26 37 32 37 47 37 52 37 93 38 45 39 95 39 80 46 89 46 92 46 85 47 83 48 79 50
3 1 14 19 17 42 21
22 22 11 106 12 36 15 38 16 47 16 51 18 60 18 60 21 67 21 56 23 76 23 49 24 65 24 86 25 44 26 47 26 82 26 111 30 15 31 18 31 17 32 2 35
1 64 10
1 104 23
1 104 23
35 99 5 102 5 83 6 105 8 97 10 105 11 102 14 108 14 100 16 6 24 9 24 100 25 108 26 92 27 23 28 103 28 19 29 108 29 24 30 106 31 109 31 13 32 66 32 39 33 106 34 109 34 43 35 49 35 58 35 47 37 109 37 66 39 79 41 89 46 92 46
17 70 7 64 10 67 13 65 24 73 25 3 27 74 30 66 32 111 37 89 38 92 38 71 39 80 42 97 44 89 46 69 47 83 48
1 63 10
2 103 24 84 28
25 4 23 87 23 6 24 9 24 14 25 17 25 23 28 42 30 41 31 47 31 54 33 62 34 58 35 77 37 111 37 117 37 79 38 100 39 106 39 83 44 106 44 89 46 65 47 58 48 83 48
7 1 14 3 15 112 15 19 20 25 20 73 24 63 25
3 99 5 83 44 58 48
18 112 15 105 16 97 18 102 19 1 20 13 23 16 23 73 24 76 24 63 25 66 25 41 28 41 29 26 32 22 33 63 33 85 38 103 41
12 100 12 87 13 83 14 74 17 70 18 60 19 62 20 58 21 48 22 49 24 15 28 12 31
8 49 13 118 33 111 37 100 39 83 44 95 46 58 48 83 48
2 76 12 51 16
26 18 2 13 4 21 5 16 10 19 10 22 13 49 13 25 19 69 22 116 26 17 27 124 27 102 28 120 28 122 29 17 30 44 31 105 31 15 32 104 32 50 33 72 33 87 34 12 41 15 41 21 44
23 1 14 3 15 9 15 19 17 9 18 24 18 19 20 25 20 36 21 32 22 114 22 104 23 42 24 103 24 41 25 54 27 62 28 84 28 76 30 74 31 71 32 79 32 90 33
15 64 10 65 12 4 23 6 24 9 24 65 24 17 25 23 28 102 28 44 31 62 34 58 35 77 37 79 38 106 44
34 70 7 64 10 65 12 4 23 13 23 3 24 6 24 9 24 65 24 14 25 17 25 21 27 23 28 102 28 120 28 42 30 41 31 44 31 47 31 52 32 66 32 104 32 45 33 48 33 54 33 62 34 58 35 77 37 79 38 71 39 79 41 97 44 106 44 69 47
1 73 33
12 88 9 47 10 63 12 76 12 79 12 50 13 61 14 51 16 53 17 73 17 35 20 9 25
24 64 10 1 14 3 15 9 15 19 17 122 17 125 17 9 18 124 18 127 18 19 20 25 20 116 20 36 21 104 23 42 24 65 24 41 25 78 25 84 25 54 27 62 28 51 31 79 32
4 87 23 66 32 89 46 83 48
11 15 15 125 17 127 18 35 19 116 20 42 21 55 23 104 23 103 24 84 28 93 30
2 104 23 103 24
3 101 44 96 46 83 48
71 98 8 88 9 100 9 78 10 81 10 84 10 90 10 74 11 86 11 89 11 76 12 79 12 85 12 88 12 60 13 1 14 65 14 80 14 3 15 9 15 49 15 61 15 64 15 73 15 51 16 66 16 69 16 19 17 53 17 9 18 24 18 37 18 40 18 55 18 61 18 8 19 19 20 25 20 30 20 35 20 50 20 22 21 36 21 42 21 46 21 21 22 44 22 17 23 23 23 32 23 77 23 4 24 10 24 25 24 42 24 9 25 41 25 14 26 13 27 54 27 3 28 9 28 59 28 62 28 74 31 73 32 79 32 81 33 80 34 101 37 118 41
2 124 21 71 32
9 73 25 74 30 66 32 111 37 80 42 83 44 89 46 85 47 83 48
5 75 7 63 10 34 15 12 19 4 21
43 76 6 82 6 75 7 78 7 56 8 77 8 60 10 63 10 40 12 52 12 36 13 48 13 35 14 30 15 34 15 36 15 39 16 10 18 19 18 12 19 18 19 35 19 38 19 5 20 11 20 49 20 4 21 10 21 13 21 60 21 56 22 55 23 61 23 72 24 76 26 82 26 80 28 93 30 104 31 110 31 109 32 117 33 125 37
11 1 14 15 15 112 15 19 17 24 18 32 19 35 19 42 21 55 23 63 25 22 33
29 122 17 125 17 124 18 127 18 114 19 116 20 112 21 111 22 114 22 101 23 104 23 103 24 84 25 93 25 86 26 84 28 87 28 77 29 83 29 64 30 70 30 76 30 2 31 69 31 53 32 12 33 55 33 54 34 26 38
100 51 5 54 8 46 10 48 11 51 11 112 15 105 16 117 16 122 17 125 17 97 18 112 18 124 18 127 18 8 19 49 19 102 19 105 19 114 19 1 20 104 20 116 20 87 22 96 22 4 23 13 23 16 23 92 23 101 23 104 23 6 24 9 24 12 24 18 24 24 24 73 24 76 24 85 24 14 25 17 25 63 25 66 25 75 25 78 25 81 25 84 25 93 25 68 26 86 26 58 27 67 27 70 27 23 28 35 28 41 28 54 28 60 28 41 29 43 29 49 29 53 29 56 29 42 30 64 30 41 31 44 31 45 31 47 31 48 31 50 31 51 31 26 32 44 32 52 32 53 32 22 33 40 33 54 33 55 33 63 33 27 34 62 34 65 34 71 34 80 34 58 35 70 35 73 35 12 37 77 37 11 38 14 38 79 38 85 38 90 39 91 41 103 41 105 42 108 42 106 44
2 105 11 19 29
7 79 28 74 39 124 39 101 44 96 46 92 47 74 50
2 101 44 83 48
40 51 5 48 8 54 8 46 10 48 11 51 11 51 14 49 19 54 20 124 21 52 22 49 25 117 25 120 25 124 27 102 28 120 28 101 29 91 30 94 30 2 31 44 31 84 31 105 31 13 32 66 32 71 32 77 32 80 32 104 32 12 33 17 34 87 34 26 37 32 37 52 37 57 37 45 39 52 39 89 46
39 99 5 97 10 86 15 1 17 9 18 8 19 1 20 19 20 25 20 86 21 29 22 87 23 9 24 38 25 41 25 45 27 54 27 50 28 59 28 49 29 42 30 44 31 65 31 70 32 73 32 79 32 84 32 72 33 81 33 62 34 80 34 77 37 101 37 111 37 79 38 118 41 80 42 97 44 83 48
17 83 6 97 10 6 24 9 24 17 25 23 28 42 30 47 31 52 32 62 34 58 35 77 37 79 38 83 44 101 44 89 46 83 48
32 105 8 22 11 105 11 36 15 48 15 51 15 38 16 47 16 50 16 51 18 60 18 69 18 68 19 78 21 89 22 76 23 84 24 86 25 98 25 106 26 102 28 110 28 118 29 124 29 91 30 111 30 117 30 84 31 106 31 71 32 80 32 106 34
4 19 20 108 26 83 44 83 48
1 37 18
36 100 12 106 12 1 14 3 15 9 15 19 17 74 17 24 18 70 18 73 18 32 19 35 19 60 19 25 20 62 20 36 21 42 21 55 21 58 21 67 21 44 22 48 22 55 23 56 23 43 24 49 24 59 25 26 26 44 26 18 28 7 30 12 31 15 31 18 31 17 32 1 33
11 13 4 16 10 19 10 22 13 49 13 69 22 116 26 17 27 102 28 80 32 73 33
1 36 15
18 87 23 9 24 17 25 62 34 77 37 111 37 117 37 79 38 101 38 110 38 100 39 106 39 80 42 83 44 89 46 65 47 58 48 83 48
48 76 6 82 6 75 7 78 7 77 8 60 10 63 10 52 12 61 12 48 13 35 14 50 14 30 15 34 15 36 15 38 16 39 16 19 18 51 18 12 19 18 19 24 19 35 19 5 20 11 20 4 21 10 21 13 21 60 21 66 21 12 22 56 22 69 22 55 23 61 23 72 24 86 25 76 26 82 26 80 28 93 30 111 30 104 31 110 31 109 32 115 32 117 33 125 37
